   11.4522916468963       3.660875140004577E-005  1.434777331211330E-007
   22.9045832937926       2.473210051828771E-004  3.877221245719385E-006
   34.3568749406889       4.481482885080129E-004  1.580752368501929E-005
   45.8091665875852       5.191288298131763E-004  3.255327749826631E-005
   57.2614582344814       5.060825819084175E-004  4.958621835448548E-005
   68.7137498813777       4.605788797793595E-004  6.498395051486801E-005
   80.1660415282740       4.083973278395103E-004  7.842934019711811E-005
   91.6183331751703       3.595144281214825E-004  9.017702174222102E-005
   103.070624822067       3.169379192820197E-004  1.006140916920519E-004
   114.522916468963       2.809860589383879E-004  1.101246047279027E-004
   125.975208115859       2.510784021720377E-004  1.190677963819406E-004
   137.427499762755       2.264355285875666E-004  1.277928783151454E-004
   148.879791409652       2.063220683985859E-004  1.366570297905536E-004
   160.332083056548       1.900796964982047E-004  1.460129551786005E-004
   171.784374703444       1.770275908210892E-004  1.561072476770285E-004
   183.236666350341       1.663056310392113E-004  1.668577985527654E-004
   194.688957997237       1.568994599799539E-004  1.777128702194302E-004
   206.141249644133       1.480052960285817E-004  1.879411395047144E-004
   217.593541291030       1.393120482524263E-004  1.971040141393597E-004
   229.045832937926       1.308616558619705E-004  2.051502224741800E-004
   240.498124584822       1.227892422199193E-004  2.122259558210714E-004
   251.950416231718       1.151958319038272E-004  2.185152325093250E-004
   263.402707878615       1.081275192750605E-004  2.241772311863852E-004
   274.854999525511       1.015893886930169E-004  2.293350423996946E-004
   286.307291172407       9.556219213180271E-005  2.340807555365723E-004
   297.759582819304       9.001427535067893E-005  2.384831366542685E-004
   309.211874466200       8.490888334376679E-005  2.425941072060836E-004
   320.664166113096       8.020830706899153E-005  2.464535068347334E-004
   332.116457759992       7.587609754944961E-005  2.500924445355525E-004
   343.568749406889       7.187815281317725E-005  2.535356336654668E-004
   355.021041053785       6.818316566594962E-005  2.568030269105876E-004
   366.473332700681       3.010529211886894E-005  1.208209905185472E-004
   11.4522916468963       3.448133557323400E-005  1.351399234837196E-007
   22.9045832937926       1.513237827150362E-004  2.372284492744665E-006
   34.3568749406889       2.160381519661381E-004  7.620308481913265E-006
   45.8091665875852       2.643761593368849E-004  1.657837127234239E-005
   57.2614582344814       2.308555319603144E-004  2.261933768389719E-005
   68.7137498813777       1.631401358871624E-004  2.301775218733185E-005
   80.1660415282740       1.530482585598640E-004  2.939165640644233E-005
   91.6183331751703       1.307054544832631E-004  3.278485559634148E-005
   103.070624822067       1.299776627643770E-004  4.126229044766601E-005
   114.522916468963       1.072519328255014E-004  4.203438687789752E-005
   125.975208115859       9.565832992310838E-005  4.536362526999400E-005
   137.427499762755       8.508886984024558E-005  4.802140219467668E-005
   148.879791409652       7.395437020630392E-005  4.898353652068063E-005
   160.332083056548       6.745719937247553E-005  5.181839623013190E-005
   171.784374703444       5.138274754178206E-005  4.531056012018909E-005
   183.236666350341       5.003792150574523E-005  5.020405727955271E-005
   194.688957997237       4.178650890126543E-005  4.732967490291189E-005
   206.141249644133       3.533394133835511E-005  4.486799713599971E-005
   217.593541291030       2.838777031108404E-005  4.016410318397106E-005
   229.045832937926       2.476422471959769E-005  3.882257317594020E-005
   240.498124584822       2.052995743703425E-005  3.548348178773677E-005
   251.950416231718       1.624537976938160E-005  3.081589740566616E-005
   263.402707878615       1.338220500224396E-005  2.774488571165795E-005
   274.854999525511       1.057858399470108E-005  2.388084070753213E-005
   286.307291172407       8.337393409836829E-006  2.042254687804249E-005
   297.759582819304       6.609928118806704E-006  1.751229329671409E-005
   309.211874466200       4.998481243741518E-006  1.428121589825201E-005
   320.664166113096       4.018635329631226E-006  1.234793260036854E-005
   332.116457759992       3.019644722659590E-006  9.952941106738497E-006
   343.568749406889       2.378904429744783E-006  8.391103811370597E-006
   355.021041053785       1.923267272496840E-006  7.243736079298975E-006
   366.473332700681       1.501401547191574E-006  6.025545986450321E-006
   11.4522916468963       2.875277440747929E-005  1.126884347364903E-007
   22.9045832937926       9.310541883666653E-005  1.459602300007625E-006
   34.3568749406889       9.934460463496268E-005  3.504179823991386E-006
   45.8091665875852       1.192821285446400E-004  7.479885546897787E-006
   57.2614582344814       1.132103427626814E-004  1.109240463295047E-005
   68.7137498813777       8.259780115000066E-005  1.165388092727975E-005
   80.1660415282740       7.665250305679156E-005  1.472048132882061E-005
   91.6183331751703       7.160024950909835E-005  1.795949411673861E-005
   103.070624822067       7.141271863416406E-005  2.267045179356708E-005
   114.522916468963       5.472786674162821E-005  2.144905236684593E-005
   125.975208115859       4.466582609793399E-005  2.118167648452665E-005
   137.427499762755       3.839828323318194E-005  2.167074737492386E-005
   148.879791409652       3.508795444930845E-005  2.324043992814874E-005
   160.332083056548       2.908529059357972E-005  2.234236117815475E-005
   171.784374703444       2.308902776079506E-005  2.036046787146828E-005
   183.236666350341       2.175877941725944E-005  2.183102285876965E-005
   194.688957997237       1.828502576583395E-005  2.071061564710136E-005
   206.141249644133       1.457582839369602E-005  1.850878226011176E-005
   217.593541291030       1.127069764962479E-005  1.594621410537910E-005
   229.045832937926       9.599510513244694E-006  1.504903559765887E-005
   240.498124584822       7.934041114093884E-006  1.371300472680252E-005
   251.950416231718       5.802891509580199E-006  1.100751794996306E-005
   263.402707878615       4.635092218912571E-006  9.609784325913432E-006
   274.854999525511       3.536668718367400E-006  7.983925101974884E-006
   286.307291172407       2.697727265956092E-006  6.608115851671192E-006
   297.759582819304       2.061698054009421E-006  5.462247147340498E-006
   309.211874466200       1.458936807471480E-006  4.168344445724238E-006
   320.664166113096       1.073008225015624E-006  3.296998148709811E-006
   332.116457759992       7.712114320788811E-007  2.541961942318826E-006
   343.568749406889       5.726123018653227E-007  2.019773980216296E-006
   355.021041053785       4.236603426689444E-007  1.595661587676833E-006
   366.473332700681       3.099368893256243E-007  1.243863763842666E-006
