0.000000 18.709860
0.062830 11.563737
0.125660 0.000911
0.188490 -11.562263
0.251320 -18.709297
0.314150 -18.710423
0.376980 -11.565209
0.439810 -0.002734
0.502640 11.560783
0.565470 18.708723
0.628300 18.710981
0.691130 11.566695
0.753960 0.004580
0.816790 -11.559284
0.879620 -18.708151
0.942450 -18.711552
1.005280 -11.568194
1.068110 -0.006430
1.130940 11.557785
1.193770 18.707579
1.256600 18.712124
1.319430 11.569689
1.382260 0.008284
1.445090 -11.556289
1.507920 -18.707006
1.570750 -18.712696
1.633579 -11.571186
1.696409 -0.010134
1.759239 11.554791
1.822069 18.706432
1.884899 18.713266
1.947729 11.572683
2.010559 0.011985
2.073389 -11.553292
2.136219 -18.705860
2.199049 -18.713837
2.261879 -11.574181
2.324709 -0.013835
2.387539 11.551793
2.450369 18.705286
2.513199 18.714409
2.576029 11.575677
2.638859 0.015685
2.701689 -11.550295
2.764519 -18.704714
2.827349 -18.714979
2.890179 -11.577172
2.953009 -0.017539
3.015839 11.548798
3.078669 18.704140
3.141499 18.715549
3.204329 11.578670
3.267159 0.019389
3.329989 -11.547298
3.392819 -18.703566
3.455649 -18.716120
3.518479 -11.580166
3.581309 -0.021239
3.644139 11.545800
3.706969 18.702991
3.769799 18.716690
3.832628 11.581663
3.895458 0.023089
3.958288 -11.544362
4.021119 -18.702433
4.083949 -18.717245
4.146779 -11.583120
4.209609 -0.024895
4.272439 11.542840
4.335268 18.701859
4.398098 18.717815
4.460928 11.584618
4.523758 0.026745
4.586588 -11.541343
4.649418 -18.701283
4.712248 -18.718386
4.775078 -11.586112
4.837908 -0.028595
4.900738 11.539843
4.963568 18.700708
5.026398 18.718954
5.089228 11.587609
5.152058 0.030446
5.214888 -11.538343
5.277718 -18.700134
5.340548 -18.719524
5.403378 -11.589103
5.466208 -0.032298
5.529038 11.536844
5.591868 18.699558
5.654698 18.720093
5.717528 11.590600
5.780358 0.034150
5.843188 -11.535346
5.906018 -18.698984
5.968848 -18.720661
6.031678 -11.592096
6.094508 -0.036000
6.157338 11.533847
6.220168 18.698408
6.282998 18.721239
