0.000000 0.523583
0.062830 0.521557
0.125660 0.515494
0.188490 0.505440
0.251320 0.491475
0.314150 0.473705
0.376980 0.452269
0.439810 0.427332
0.502640 0.399088
0.565470 0.367754
0.628300 0.333574
0.691130 0.296812
0.753960 0.257753
0.816790 0.216698
0.879620 0.173967
0.942450 0.129888
1.005280 0.084805
1.068110 0.039065
1.130940 -0.006978
1.193770 -0.052966
1.256600 -0.098544
1.319430 -0.143360
1.382260 -0.187066
1.445090 -0.229324
1.507920 -0.269807
1.570750 -0.308202
1.633579 -0.344211
1.696409 -0.377556
1.759239 -0.407978
1.822069 -0.435243
1.884899 -0.459139
1.947729 -0.479481
2.010559 -0.496112
2.073389 -0.508902
2.136219 -0.517754
2.199049 -0.522598
2.261879 -0.523397
2.324709 -0.520145
2.387539 -0.512867
2.450369 -0.501620
2.513199 -0.486489
2.576029 -0.467593
2.638859 -0.445078
2.701689 -0.419118
2.764519 -0.389914
2.827349 -0.357691
2.890179 -0.322700
2.953009 -0.285212
3.015839 -0.245516
3.078669 -0.203919
3.141499 -0.160744
3.204329 -0.116325
3.267159 -0.071005
3.329989 -0.025136
3.392819 0.020927
3.455649 0.066829
3.518479 0.112213
3.581309 0.156729
3.644139 0.200032
3.706969 0.241787
3.769799 0.281670
3.832628 0.319372
3.895458 0.354603
3.958288 0.387089
4.021119 0.416579
4.083949 0.442845
4.146779 0.465683
4.209609 0.484916
4.272439 0.500396
4.335268 0.512003
4.398098 0.519647
4.460928 0.523268
4.523758 0.522840
4.586588 0.518364
4.649418 0.509876
4.712248 0.497442
4.775078 0.481158
4.837908 0.461149
4.900738 0.437571
4.963568 0.410606
5.026398 0.380462
5.089228 0.347374
5.152058 0.311597
5.214888 0.273409
5.277718 0.233104
5.340548 0.190995
5.403378 0.147407
5.466208 0.102679
5.529038 0.057155
5.591868 0.011190
5.654698 -0.034863
5.717528 -0.080645
5.780358 -0.125803
5.843188 -0.169988
5.906018 -0.212856
5.968848 -0.254077
6.031678 -0.293332
6.094508 -0.330316
6.157338 -0.364744
6.220168 -0.396348
6.282998 -0.424884
