1.5539 0.8154 0.4956 0.3171 0.2032 0.1242 0.0662 0.0218 0.0133 0.0418 0.0653 0.0850 0.1018 0.1163 0.1290
1.5540 0.8155 0.4957 0.3172 0.2032 0.1242 0.0661 0.0217 0.0134 0.0418 0.0653 0.0851 0.1019 0.1164 0.1291
1.5542 0.8157 0.4958 0.3172 0.2032 0.1241 0.0660 0.0216 0.0136 0.0420 0.0655 0.0853 0.1021 0.1167 0.1293
1.5546 0.8161 0.4960 0.3173 0.2033 0.1241 0.0660 0.0217 0.0139 0.0422 0.0657 0.0855 0.1023 0.1169 0.1295
1.5550 0.8166 0.4964 0.3175 0.2034 0.1242 0.0661 0.0219 0.0145 0.0426 0.0660 0.0858 0.1027 0.1172 0.1299
1.5556 0.8171 0.4966 0.3176 0.2033 0.1240 0.0659 0.0221 0.0160 0.0435 0.0669 0.0866 0.1035 0.1180 0.1307
1.5563 0.8179 0.4973 0.3181 0.2037 0.1244 0.0663 0.0231 0.0173 0.0441 0.0673 0.0870 0.1039 0.1184 0.1311
1.5572 0.8191 0.4985 0.3192 0.2047 0.1254 0.0675 0.0246 0.0177 0.0437 0.0669 0.0866 0.1034 0.1180 0.1306
1.5581 0.8201 0.4992 0.3197 0.2051 0.1258 0.0681 0.0263 0.0205 0.0452 0.0680 0.0876 0.1044 0.1189 0.1316
1.5594 0.8222 0.5014 0.3219 0.2074 0.1281 0.0705 0.0292 0.0211 0.0442 0.0667 0.0862 0.1029 0.1174 0.1301
