0.0227 0.0113 0.0001 0.0090 0.0113 0.0135 0.0225 0.0337 0.0382 0.0426
0.0228 0.0114 0.0005 0.0090 0.0112 0.0135 0.0225 0.0337 0.0381 0.0426
0.0230 0.0117 0.0015 0.0090 0.0112 0.0134 0.0224 0.0336 0.0380 0.0425
0.0233 0.0120 0.0027 0.0092 0.0113 0.0135 0.0224 0.0336 0.0380 0.0425
0.0237 0.0127 0.0046 0.0098 0.0118 0.0139 0.0226 0.0337 0.0381 0.0426
0.0248 0.0142 0.0072 0.0108 0.0126 0.0146 0.0229 0.0337 0.0381 0.0426
0.0257 0.0157 0.0097 0.0127 0.0142 0.0160 0.0238 0.0344 0.0388 0.0431
0.0257 0.0162 0.0114 0.0145 0.0160 0.0177 0.0253 0.0358 0.0400 0.0444
0.0278 0.0192 0.0151 0.0175 0.0188 0.0202 0.0271 0.0370 0.0412 0.0454
0.0275 0.0199 0.0174 0.0204 0.0217 0.0232 0.0300 0.0398 0.0439 0.0482
