0.0529 0.0355 0.0273 0.0326 0.0353 0.0383 0.0524 0.0723 0.0806 0.0890
0.0860 0.0764 0.0729 0.0749 0.0761 0.0775 0.0853 0.0987 0.1049 0.1114
0.1266 0.1202 0.1178 0.1190 0.1197 0.1206 0.1256 0.1350 0.1396 0.1446
0.1688 0.1639 0.1621 0.1628 0.1633 0.1640 0.1676 0.1747 0.1782 0.1821
0.2119 0.2079 0.2063 0.2068 0.2072 0.2077 0.2105 0.2162 0.2191 0.2223
0.2560 0.2526 0.2512 0.2516 0.2519 0.2522 0.2545 0.2592 0.2616 0.2643
0.3022 0.2992 0.2979 0.2981 0.2983 0.2986 0.3005 0.3045 0.3065 0.3089
0.3407 0.3379 0.3366 0.3368 0.3370 0.3372 0.3389 0.3424 0.3442 0.3464
0.3820 0.3794 0.3782 0.3783 0.3785 0.3787 0.3802 0.3834 0.3851 0.3872
0.4233 0.4209 0.4198 0.4198 0.4200 0.4202 0.4215 0.4243 0.4259 0.4278
