0.3636 0.2738 0.1572 0.0357 0.0001 0.0382 0.2227 0.5612 0.7511 0.9900
0.3637 0.2739 0.1574 0.0358 0.0005 0.0380 0.2225 0.5611 0.7512 0.9911
0.3638 0.2742 0.1576 0.0362 0.0015 0.0377 0.2221 0.5609 0.7514 0.9931
0.3641 0.2745 0.1581 0.0367 0.0027 0.0372 0.2215 0.5605 0.7514 0.9951
0.3645 0.2750 0.1587 0.0376 0.0046 0.0366 0.2208 0.5599 0.7516 0.9985
0.3651 0.2758 0.1596 0.0389 0.0072 0.0359 0.2196 0.5591 0.7517 1.0034
0.3657 0.2765 0.1606 0.0403 0.0097 0.0354 0.2185 0.5582 0.7516 1.0069
0.3661 0.2769 0.1612 0.0413 0.0114 0.0352 0.2178 0.5576 0.7512 1.0068
0.3670 0.2782 0.1627 0.0437 0.0151 0.0348 0.2162 0.5563 0.7512 1.0127
0.3677 0.2790 0.1638 0.0454 0.0174 0.0346 0.2149 0.5547 0.7498 1.0126
