3.0870 1.6197 0.9847 0.6303 0.4044 0.2481 0.1341 0.0511 0.0381 0.0874 0.1325 0.1710 0.2041 0.2327 0.2576
3.0873 1.6208 0.9867 0.6336 0.4096 0.2567 0.1498 0.0845 0.0777 0.1108 0.1491 0.1843 0.2154 0.2427 0.2668
3.0877 1.6230 0.9905 0.6398 0.4194 0.2723 0.1756 0.1251 0.1210 0.1448 0.1761 0.2069 0.2352 0.2605 0.2832
3.0884 1.6261 0.9960 0.6486 0.4331 0.2934 0.2073 0.1671 0.1646 0.1832 0.2090 0.2358 0.2611 0.2843 0.3053
3.0893 1.6303 1.0034 0.6602 0.4506 0.3191 0.2428 0.2101 0.2085 0.2237 0.2457 0.2690 0.2917 0.3128 0.3321
3.0909 1.6360 1.0129 0.6748 0.4719 0.3489 0.2813 0.2540 0.2531 0.2662 0.2852 0.3058 0.3261 0.3453 0.3630
3.0924 1.6425 1.0242 0.6921 0.4970 0.3828 0.3229 0.3000 0.2997 0.3112 0.3279 0.3463 0.3646 0.3820 0.3983
3.0932 1.6480 1.0343 0.7079 0.5195 0.4123 0.3581 0.3382 0.3384 0.3491 0.3644 0.3813 0.3983 0.4145 0.4297
3.0957 1.6562 1.0477 0.7275 0.5463 0.4460 0.3968 0.3794 0.3800 0.3899 0.4040 0.4195 0.4352 0.4503 0.4645
3.0976 1.6645 1.0621 0.7487 0.5747 0.4808 0.4361 0.4206 0.4215 0.4307 0.4437 0.4581 0.4726 0.4867 0.5000
