0.0001 0.0001 0.0001 0.0001 0.0001 0.0001 0.0001 0.0001 0.0001 0.0001 0.0001
0.0005 0.0005 0.0005 0.0005 0.0005 0.0005 0.0005 0.0005 0.0005 0.0005 0.0005
0.0015 0.0015 0.0015 0.0015 0.0015 0.0015 0.0015 0.0015 0.0015 0.0015 0.0015
0.0027 0.0027 0.0027 0.0027 0.0027 0.0027 0.0027 0.0027 0.0027 0.0027 0.0027
0.0046 0.0046 0.0046 0.0046 0.0046 0.0046 0.0046 0.0046 0.0046 0.0046 0.0046
0.0072 0.0072 0.0072 0.0072 0.0072 0.0072 0.0072 0.0072 0.0072 0.0072 0.0072
0.0097 0.0097 0.0097 0.0097 0.0097 0.0097 0.0097 0.0097 0.0097 0.0097 0.0097
0.0114 0.0114 0.0114 0.0114 0.0114 0.0114 0.0114 0.0114 0.0114 0.0114 0.0114
0.0151 0.0151 0.0151 0.0151 0.0151 0.0151 0.0151 0.0151 0.0151 0.0151 0.0151
0.0174 0.0174 0.0174 0.0174 0.0174 0.0174 0.0174 0.0174 0.0174 0.0174 0.0174
