0.0273 0.0273 0.0273 0.0273 0.0273 0.0273 0.0273 0.0273 0.0273 0.0273 0.0273
0.0729 0.0729 0.0729 0.0729 0.0729 0.0729 0.0729 0.0729 0.0729 0.0729 0.0729
0.1178 0.1178 0.1178 0.1178 0.1178 0.1178 0.1178 0.1178 0.1178 0.1178 0.1178
0.1621 0.1621 0.1621 0.1621 0.1621 0.1621 0.1621 0.1621 0.1621 0.1621 0.1621
0.2063 0.2063 0.2063 0.2063 0.2063 0.2063 0.2063 0.2063 0.2063 0.2063 0.2063
0.2512 0.2512 0.2512 0.2512 0.2512 0.2512 0.2512 0.2512 0.2512 0.2512 0.2512
0.2979 0.2979 0.2979 0.2979 0.2979 0.2979 0.2979 0.2979 0.2979 0.2979 0.2979
0.3366 0.3366 0.3366 0.3366 0.3366 0.3366 0.3366 0.3366 0.3366 0.3366 0.3366
0.3782 0.3782 0.3782 0.3782 0.3782 0.3782 0.3782 0.3782 0.3782 0.3782 0.3782
0.4198 0.4198 0.4198 0.4198 0.4198 0.4198 0.4198 0.4198 0.4198 0.4198 0.4198
