0.000000 531.948914
0.062830 -227.474884
0.125660 -368.067047
0.188490 -368.078094
0.251320 -227.503891
0.314150 -0.035819
0.376980 227.445923
0.439810 368.055878
0.502640 368.089020
0.565470 227.532669
0.628300 0.071939
0.691130 -227.416412
0.753960 -368.044403
0.816790 -368.100098
0.879620 -227.562180
0.942450 -0.108302
1.005280 227.386856
1.068110 368.033234
1.130940 368.111267
1.193770 227.591675
1.256600 0.144724
1.319430 -227.357483
1.382260 -368.021820
1.445090 -368.122620
1.507920 -227.621109
1.570750 -0.181147
1.633579 227.328033
1.696409 368.010590
1.759239 368.133850
1.822069 227.650497
1.884899 0.217569
1.947729 -227.298538
2.010559 -367.999298
2.073389 -368.145081
2.136219 -227.679993
2.199049 -0.253932
2.261879 227.269028
2.324709 367.988037
2.387539 368.156250
2.450369 227.709442
2.513199 0.290414
2.576029 -227.239594
2.638859 -367.976807
2.701689 -368.167419
2.764519 -227.738937
2.827349 -0.326777
2.890179 227.210144
2.953009 367.965393
3.015839 368.178772
3.078669 227.768326
3.141499 0.363199
3.204329 -227.180649
3.267159 -367.954163
3.329989 -368.189941
3.392819 -227.797760
3.455649 -0.399622
3.518479 227.151154
3.581309 367.942932
3.644139 368.201141
3.706969 227.827209
3.769799 0.436044
3.832628 -227.121643
3.895458 -367.931702
3.958288 -368.214233
4.021119 -227.855194
4.083949 -0.471500
4.146779 227.092926
4.209609 367.920593
4.272439 368.223297
4.335268 227.885361
4.398098 0.507923
4.460928 -227.063431
4.523758 -367.909363
4.586588 -368.234528
4.649418 -227.914673
4.712248 -0.544406
4.775078 227.033981
4.837908 367.898071
4.900738 368.245636
4.963568 227.944183
5.026398 0.580768
5.089228 -227.004425
5.152058 -367.886780
5.214888 -368.256866
5.277718 -227.973618
5.340548 -0.617190
5.403378 226.975052
5.466208 367.875366
5.529038 368.268097
5.591868 228.003006
5.654698 0.653613
5.717528 -226.945480
5.780358 -367.864044
5.843188 -368.279327
5.906018 -228.032440
5.968848 -0.689975
6.031678 226.915924
6.094508 367.852814
6.157338 368.290527
6.220168 228.061829
6.282998 0.726699
