0.000000 2.086228
0.062830 2.061975
0.125660 2.021762
0.188490 1.965900
0.251320 1.894821
0.314150 1.809076
0.376980 1.709329
0.439810 1.596350
0.502640 1.471016
0.565470 1.334296
0.628300 1.187248
0.691130 1.031011
0.753960 0.866793
0.816790 0.695866
0.879620 0.519553
0.942450 0.339219
1.005280 0.156259
1.068110 -0.027910
1.130940 -0.211864
1.193770 -0.394177
1.256600 -0.573440
1.319430 -0.748264
1.382260 -0.917296
1.445090 -1.079229
1.507920 -1.232807
1.570750 -1.376844
1.633579 -1.510224
1.696409 -1.631914
1.759239 -1.740972
1.822069 -1.836556
1.884899 -1.917924
1.947729 -1.984447
2.010559 -2.035609
2.073389 -2.071016
2.136219 -2.090393
2.199049 -2.093590
2.261879 -2.080581
2.324709 -2.051469
2.387539 -2.006478
2.450369 -1.945956
2.513199 -1.870373
2.576029 -1.780312
2.638859 -1.676471
2.701689 -1.559654
2.764519 -1.430765
2.827349 -1.290802
2.890179 -1.140847
2.953009 -0.982062
3.015839 -0.815676
3.078669 -0.642976
3.141499 -0.465300
3.204329 -0.284021
3.267159 -0.100545
3.329989 0.083710
3.392819 0.267316
3.455649 0.448854
3.518479 0.626918
3.581309 0.800128
3.644139 0.967146
3.706969 1.126678
3.769799 1.277490
3.832628 1.418413
3.895458 1.548357
3.958288 1.666317
4.021119 1.771379
4.083949 1.862730
4.146779 1.939664
4.209609 2.001584
4.272439 2.048011
4.335268 2.078586
4.398098 2.093073
4.460928 2.091358
