0.000000 132.987228
0.062830 -56.868721
0.125660 -92.016762
0.188490 -92.019524
0.251320 -56.875973
0.314150 -0.008955
0.376980 56.861481
0.439810 92.013969
0.502640 92.022255
0.565470 56.883167
0.628300 0.017985
0.691130 -56.854103
0.753960 -92.011101
0.816790 -92.025024
0.879620 -56.890545
0.942450 -0.027075
1.005280 56.846714
1.068110 92.008308
1.130940 92.027817
1.193770 56.897919
1.256600 0.036181
1.319430 -56.839371
1.382260 -92.005455
1.445090 -92.030655
1.507920 -56.905277
1.570750 -0.045287
1.633579 56.832008
1.696409 92.002647
1.759239 92.033463
1.822069 56.912624
1.884899 0.054392
1.947729 -56.824635
2.010559 -91.999825
2.073389 -92.036270
2.136219 -56.919998
2.199049 -0.063483
2.261879 56.817257
2.324709 91.997009
2.387539 92.039063
2.450369 56.927361
2.513199 0.072604
2.576029 -56.809898
2.638859 -91.994202
2.701689 -92.041855
2.764519 -56.934734
2.827349 -0.081694
2.890179 56.802536
2.953009 91.991348
3.015839 92.044693
3.078669 56.942081
3.141499 0.090800
3.204329 -56.795162
3.267159 -91.988541
3.329989 -92.047485
3.392819 -56.949440
3.455649 -0.099905
3.518479 56.787788
3.581309 91.985733
3.644139 92.050285
3.706969 56.956802
3.769799 0.109011
3.832628 -56.780411
3.895458 -91.982925
3.958288 -92.053558
4.021119 -56.963799
4.083949 -0.117875
4.146779 56.773232
4.209609 91.980148
4.272439 92.055824
4.335268 56.971340
4.398098 0.126981
4.460928 -56.765858
4.523758 -91.977341
4.586588 -92.058632
4.649418 -56.978668
4.712248 -0.136101
4.775078 56.758495
4.837908 91.974518
4.900738 92.061409
4.963568 56.986046
5.026398 0.145192
5.089228 -56.751106
5.152058 -91.971695
5.214888 -92.064217
5.277718 -56.993404
5.340548 -0.154298
5.403378 56.743763
5.466208 91.968842
5.529038 92.067024
5.591868 57.000751
5.654698 0.163403
5.717528 -56.736370
5.780358 -91.966011
5.843188 -92.069832
5.906018 -57.008110
5.968848 -0.172494
6.031678 56.728981
6.094508 91.963203
6.157338 92.072632
6.220168 57.015457
6.282998 0.181675
