0.000000 9.354930
0.062830 5.781868
0.125660 0.000455
0.188490 -5.781132
0.251320 -9.354649
0.314150 -9.355211
0.376980 -5.782605
0.439810 -0.001367
0.502640 5.780392
0.565470 9.354362
0.628300 9.355491
0.691130 5.783348
0.753960 0.002290
0.816790 -5.779642
0.879620 -9.354075
0.942450 -9.355776
1.005280 -5.784097
1.068110 -0.003215
1.130940 5.778893
1.193770 9.353789
1.256600 9.356062
1.319430 5.784844
1.382260 0.004142
1.445090 -5.778144
1.507920 -9.353503
1.570750 -9.356348
1.633579 -5.785593
1.696409 -0.005067
1.759239 5.777396
1.822069 9.353216
1.884899 9.356633
1.947729 5.786342
2.010559 0.005993
2.073389 -5.776646
2.136219 -9.352930
2.199049 -9.356918
2.261879 -5.787090
2.324709 -0.006918
2.387539 5.775897
2.450369 9.352643
2.513199 9.357204
2.576029 5.787838
2.638859 0.007843
2.701689 -5.775147
2.764519 -9.352357
2.827349 -9.357490
2.890179 -5.788586
2.953009 -0.008769
3.015839 5.774399
3.078669 9.352070
3.141499 9.357775
3.204329 5.789335
3.267159 0.009694
3.329989 -5.773649
3.392819 -9.351783
3.455649 -9.358060
3.518479 -5.790083
3.581309 -0.010619
3.644139 5.772900
3.706969 9.351496
3.769799 9.358345
3.832628 5.790832
3.895458 0.011544
3.958288 -5.772181
4.021119 -9.351216
4.083949 -9.358623
4.146779 -5.791560
4.209609 -0.012447
4.272439 5.771420
4.335268 9.350929
4.398098 9.358908
4.460928 5.792309
4.523758 0.013372
4.586588 -5.770671
4.649418 -9.350641
4.712248 -9.359193
4.775078 -5.793056
4.837908 -0.014297
4.900738 5.769921
4.963568 9.350354
5.026398 9.359477
5.089228 5.793805
5.152058 0.015223
5.214888 -5.769172
5.277718 -9.350067
5.340548 -9.359762
5.403378 -5.794551
5.466208 -0.016149
5.529038 5.768422
5.591868 9.349779
5.654698 9.360046
5.717528 5.795300
5.780358 0.017075
5.843188 -5.767673
5.906018 -9.349492
5.968848 -9.360331
6.031678 -5.796048
6.094508 -0.018000
6.157338 5.766923
6.220168 9.349204
6.282998 9.360620
