0.000000 0.436856
0.062830 0.368696
0.125660 0.306933
0.188490 0.251247
0.251320 0.201321
0.314150 0.156836
0.376980 0.117480
0.439810 0.082941
0.502640 0.052913
0.565470 0.027096
0.628300 0.005192
0.691130 -0.013089
0.753960 -0.028029
0.816790 -0.039907
0.879620 -0.048991
0.942450 -0.055541
1.005280 -0.059812
1.068110 -0.062047
1.130940 -0.062480
1.193770 -0.061338
1.256600 -0.058836
1.319430 -0.055179
1.382260 -0.050563
1.445090 -0.045173
1.507920 -0.039183
1.570750 -0.032756
1.633579 -0.026044
1.696409 -0.019190
1.759239 -0.012322
1.822069 -0.005561
1.884899 0.000986
1.947729 0.007221
2.010559 0.013059
2.073389 0.018426
2.136219 0.023256
2.199049 0.027496
2.261879 0.031104
2.324709 0.034046
2.387539 0.036300
2.450369 0.037854
2.513199 0.038702
2.576029 0.038852
2.638859 0.038317
2.701689 0.037120
2.764519 0.035292
2.827349 0.032871
2.890179 0.029901
2.953009 0.026436
3.015839 0.022531
3.078669 0.018251
3.141499 0.013662
3.204329 0.008836
3.267159 0.003849
3.329989 -0.001222
3.392819 -0.006297
3.455649 -0.011295
3.518479 -0.016133
3.581309 -0.020732
3.644139 -0.025010
3.706969 -0.028890
3.769799 -0.032296
3.832628 -0.035157
3.895458 -0.037409
3.958288 -0.038989
4.021119 -0.039845
4.083949 -0.039931
4.146779 -0.039211
4.209609 -0.037660
4.272439 -0.035261
4.335268 -0.032013
4.398098 -0.027928
4.460928 -0.023032
4.523758 -0.017367
4.586588 -0.010994
4.649418 -0.003994
4.712248 0.003536
4.775078 0.011474
4.837908 0.019675
4.900738 0.027972
4.963568 0.036168
5.026398 0.044041
5.089228 0.051342
5.152058 0.057788
5.214888 0.063064
5.277718 0.066819
5.340548 0.068676
5.403378 0.068206
5.466208 0.064955
5.529038 0.058421
5.591868 0.048057
5.654698 0.033281
5.717528 0.013457
5.780358 -0.012099
5.843188 -0.044118
5.906018 -0.083384
5.968848 -0.130730
6.031678 -0.187058
6.094508 -0.253311
6.157338 -0.330510
6.220168 -0.419716
6.282998 -0.522080
