0.000000 0.031293
0.062830 0.030930
0.125660 0.030326
0.188490 0.029488
0.251320 0.028422
0.314150 0.027136
0.376980 0.025640
0.439810 0.023945
0.502640 0.022065
0.565470 0.020014
0.628300 0.017809
0.691130 0.015465
0.753960 0.013002
0.816790 0.010438
0.879620 0.007793
0.942450 0.005088
1.005280 0.002344
1.068110 -0.000419
1.130940 -0.003178
1.193770 -0.005913
1.256600 -0.008602
1.319430 -0.011224
1.382260 -0.013759
1.445090 -0.016188
1.507920 -0.018492
1.570750 -0.020653
1.633579 -0.022653
1.696409 -0.024479
1.759239 -0.026115
1.822069 -0.027548
1.884899 -0.028769
1.947729 -0.029767
2.010559 -0.030534
2.073389 -0.031065
2.136219 -0.031356
2.199049 -0.031404
2.261879 -0.031209
2.324709 -0.030772
2.387539 -0.030097
2.450369 -0.029189
2.513199 -0.028056
2.576029 -0.026705
2.638859 -0.025147
2.701689 -0.023395
2.764519 -0.021461
2.827349 -0.019362
2.890179 -0.017113
2.953009 -0.014731
3.015839 -0.012235
3.078669 -0.009645
3.141499 -0.006979
3.204329 -0.004260
3.267159 -0.001508
3.329989 0.001256
3.392819 0.004010
3.455649 0.006733
3.518479 0.009404
3.581309 0.012002
3.644139 0.014507
3.706969 0.016900
3.769799 0.019162
3.832628 0.021276
3.895458 0.023225
3.958288 0.024995
4.021119 0.026571
4.083949 0.027941
4.146779 0.029095
4.209609 0.030024
4.272439 0.030720
4.335268 0.031179
4.398098 0.031396
4.460928 0.031370
