0.000000 0.392687
0.062830 0.391168
0.125660 0.386620
0.188490 0.379080
0.251320 0.368606
0.314150 0.355279
0.376980 0.339202
0.439810 0.320499
0.502640 0.299316
0.565470 0.275816
0.628300 0.250181
0.691130 0.222609
0.753960 0.193315
0.816790 0.162524
0.879620 0.130475
0.942450 0.097416
1.005280 0.063604
1.068110 0.029299
1.130940 -0.005233
1.193770 -0.039724
1.256600 -0.073908
1.319430 -0.107520
1.382260 -0.140299
1.445090 -0.171993
1.507920 -0.202355
1.570750 -0.231151
1.633579 -0.258158
1.696409 -0.283167
1.759239 -0.305984
1.822069 -0.326432
1.884899 -0.344354
1.947729 -0.359611
2.010559 -0.372084
2.073389 -0.381677
2.136219 -0.388316
2.199049 -0.391949
2.261879 -0.392548
2.324709 -0.390109
2.387539 -0.384650
2.450369 -0.376215
2.513199 -0.364867
2.576029 -0.350695
2.638859 -0.333808
2.701689 -0.314338
2.764519 -0.292435
2.827349 -0.268268
2.890179 -0.242025
2.953009 -0.213909
3.015839 -0.184137
3.078669 -0.152939
3.141499 -0.120558
3.204329 -0.087244
3.267159 -0.053254
3.329989 -0.018852
3.392819 0.015696
3.455649 0.050122
3.518479 0.084160
3.581309 0.117547
3.644139 0.150024
3.706969 0.181340
3.769799 0.211252
3.832628 0.239529
3.895458 0.265952
3.958288 0.290317
4.021119 0.312434
4.083949 0.332134
4.146779 0.349262
4.209609 0.363687
4.272439 0.375297
4.335268 0.384002
4.398098 0.389735
4.460928 0.392451
4.523758 0.392130
4.586588 0.388773
4.649418 0.382407
4.712248 0.373082
4.775078 0.360868
4.837908 0.345862
4.900738 0.328178
4.963568 0.307954
5.026398 0.285347
5.089228 0.260531
5.152058 0.233698
5.214888 0.205057
5.277718 0.174828
5.340548 0.143246
5.403378 0.110555
5.466208 0.077009
5.529038 0.042867
5.591868 0.008392
5.654698 -0.026147
5.717528 -0.060484
5.780358 -0.094352
5.843188 -0.127491
5.906018 -0.159642
5.968848 -0.190558
6.031678 -0.219999
6.094508 -0.247737
6.157338 -0.273558
6.220168 -0.297261
6.282998 -0.318663
