0.000000 10.000000
0.062830 8.090279
0.125660 3.090522
0.188490 -3.089642
0.251320 -8.089734
0.314150 -10.000000
0.376980 -8.090823
0.439810 -3.091403
0.502640 3.088761
0.565470 8.089189
0.628300 10.000000
0.691130 8.091372
0.753960 3.092295
0.816790 -3.087866
0.879620 -8.088635
0.942450 -10.000000
1.005280 -8.091926
1.068110 -3.093189
1.130940 3.086971
1.193770 8.088082
1.256600 9.999999
1.319430 8.092478
1.382260 3.094084
1.445090 -3.086076
1.507920 -8.087528
1.570750 -9.999999
1.633579 -8.093031
1.696409 -3.094979
1.759239 3.085181
1.822069 8.086975
1.884899 9.999998
1.947729 8.093583
2.010559 3.095874
2.073389 -3.084286
2.136219 -8.086422
2.199049 -9.999998
2.261879 -8.094136
2.324709 -3.096768
2.387539 3.083391
2.450369 8.085868
2.513199 9.999997
2.576029 8.094688
2.638859 3.097663
2.701689 -3.082496
2.764519 -8.085315
2.827349 -9.999996
2.890179 -8.095241
2.953009 -3.098557
3.015839 3.081601
3.078669 8.084761
3.141499 9.999995
3.204329 8.095793
3.267159 3.099452
3.329989 -3.080706
3.392819 -8.084207
3.455649 -9.999994
3.518479 -8.096346
3.581309 -3.100347
3.644139 3.079811
3.706969 8.083653
3.769799 9.999993
3.832628 8.096898
3.895458 3.101241
3.958288 -3.078916
4.021119 -8.083114
4.083949 -9.999992
4.146779 -8.097436
4.209609 -3.102113
4.272439 3.078043
4.335268 8.082560
4.398098 9.999991
4.460928 8.097988
4.523758 3.103007
4.586588 -3.077148
4.649418 -8.082006
4.712248 -9.999990
4.775078 -8.098539
4.837908 -3.103902
4.900738 3.076253
4.963568 8.081451
5.026398 9.999989
5.089228 8.099092
5.152058 3.104796
5.214888 -3.075357
5.277718 -8.080897
5.340548 -9.999988
5.403378 -8.099644
5.466208 -3.105690
5.529038 3.074462
5.591868 8.080342
5.654698 9.999986
5.717528 8.100195
5.780358 3.106585
5.843188 -3.073567
5.906018 -8.079788
5.968848 -9.999984
6.031678 -8.100747
6.094508 -3.107479
6.157338 3.072671
6.220168 8.079234
6.282998 9.999983
