0.000000 -0.000000
0.062830 -58.777027
0.125660 -95.104507
0.188490 -95.107368
0.251320 -58.784519
0.314150 -0.009260
0.376980 58.769535
0.439810 95.101646
0.502640 95.110229
0.565470 58.792034
0.628300 0.018579
0.691130 -58.761971
0.753960 -95.098747
0.816790 -95.113136
0.879620 -58.799644
0.942450 -0.027988
1.005280 58.754356
1.068110 95.095833
1.130940 95.116043
1.193770 58.807255
1.256600 0.037397
1.319430 -58.746742
1.382260 -95.092926
1.445090 -95.118942
1.507920 -58.814865
1.570750 -0.046806
1.633579 58.739128
1.696409 95.090012
1.759239 95.121849
1.822069 58.822472
1.884899 0.056214
1.947729 -58.731514
2.010559 -95.087097
2.073389 -95.124748
2.136219 -58.830082
2.199049 -0.065623
2.261879 58.723900
2.324709 95.084190
2.387539 95.127647
2.450369 58.837688
2.513199 0.075032
2.576029 -58.716282
2.638859 -95.081276
2.701689 -95.130554
2.764519 -58.845295
2.827349 -0.084441
2.890179 58.708668
2.953009 95.078362
3.015839 95.133453
3.078669 58.852905
3.141499 0.093849
3.204329 -58.701050
3.267159 -95.075439
3.329989 -95.136353
3.392819 -58.860512
3.455649 -0.103258
3.518479 58.693432
3.581309 95.072525
3.644139 95.139252
3.706969 58.868114
3.769799 0.112667
3.832628 -58.685814
3.895458 -95.069611
3.958288 -95.142143
4.021119 -58.875530
4.083949 -0.121837
4.146779 58.678391
4.209609 95.066765
4.272439 95.144966
4.335268 58.883133
4.398098 0.131246
4.460928 -58.670769
4.523758 -95.063843
4.586588 -95.147865
4.649418 -58.890739
4.712248 -0.140655
4.775078 58.663151
4.837908 95.060928
4.900738 95.150757
4.963568 58.898342
5.026398 0.150064
5.089228 -58.655529
5.152058 -95.058006
5.214888 -95.153656
5.277718 -58.905945
5.340548 -0.159473
5.403378 58.647911
5.466208 95.055084
5.529038 95.156548
5.591868 58.913548
5.654698 0.168881
5.717528 -58.640289
5.780358 -95.052162
5.843188 -95.159439
5.906018 -58.921150
5.968848 -0.178290
6.031678 58.632668
6.094508 95.049240
6.157338 95.162331
6.220168 58.928753
6.282998 0.187699
