0.000000 9.354893
0.062832 5.781641
0.125664 -0.000001
0.188496 -5.781643
0.251327 -9.354892
0.314159 -9.354892
0.376991 -5.781641
0.439823 0.000002
0.502655 5.781647
0.565487 9.354897
0.628319 9.354894
0.691150 5.781634
0.753982 -0.000013
0.816814 -5.781657
0.879646 -9.354902
0.942478 -9.354881
1.005310 -5.781630
1.068142 0.000021
1.130974 5.781662
1.193805 9.354904
1.256637 9.354888
1.319469 5.781618
1.382301 -0.000033
1.445133 -5.781672
1.507965 -9.354908
1.570797 -9.354883
1.633629 -5.781609
1.696460 0.000046
1.759292 5.781683
1.822124 9.354912
1.884956 9.354879
1.947788 5.781599
2.010620 -0.000059
2.073452 -5.781693
2.136284 -9.354916
2.199116 -9.354876
2.261947 -5.781588
2.324779 0.000070
2.387611 5.781703
2.450443 9.354919
2.513275 9.354872
2.576107 5.781579
2.638939 -0.000083
2.701771 -5.781713
2.764602 -9.354923
2.827434 -9.354868
2.890266 -5.781568
2.953098 0.000097
3.015930 5.781723
3.078762 9.354927
3.141594 9.354864
3.204426 5.781558
3.267257 -0.000108
3.330089 -5.781734
3.392921 -9.354931
3.455753 -9.354860
3.518585 -5.781548
3.581417 0.000121
3.644249 5.781744
3.707081 9.354936
3.769912 9.354856
3.832744 5.781537
3.895576 -0.000134
3.958408 -5.781723
4.021240 -9.354932
4.084072 -9.354860
4.146904 -5.781546
4.209735 0.000123
4.272567 5.781745
4.335399 9.354936
4.398231 9.354856
4.461063 5.781536
4.523895 -0.000136
4.586727 -5.781755
4.649559 -9.354939
4.712390 -9.354852
4.775222 -5.781526
4.838054 0.000148
4.900886 5.781766
4.963718 9.354943
5.026550 9.354848
5.089382 5.781516
5.152214 -0.000161
5.215045 -5.781775
5.277877 -9.354947
5.340709 -9.354844
5.403541 -5.781505
5.466373 0.000173
5.529205 5.781786
5.592037 9.354952
5.654869 9.354839
5.717700 5.781496
5.780532 -0.000186
5.843364 -5.781796
5.906196 -9.354955
5.969028 -9.354836
6.031860 -5.781486
6.094692 0.000199
6.157524 5.781806
6.220356 9.354959
6.283187 9.354829
