0.000000 132.982712
0.062832 -56.870071
0.125664 -92.017685
0.188496 -92.017685
0.251327 -56.870018
0.314159 -0.000001
0.376991 56.870049
0.439823 92.017700
0.502655 92.017731
0.565487 56.870056
0.628319 -0.000073
0.691150 -56.870178
0.753982 -92.017776
0.816814 -92.017715
0.879646 -56.869957
0.942478 0.000329
1.005310 56.870064
1.068142 92.017822
1.130974 92.017670
1.193805 56.869919
1.256637 -0.000268
1.319469 -56.870346
1.382301 -92.017838
1.445133 -92.017639
1.507965 -56.869804
1.570797 0.000388
1.633629 56.870430
1.696460 92.017883
1.759292 92.017609
1.822124 56.869705
1.884956 -0.000522
1.947788 -56.870514
2.010620 -92.017944
2.073452 -92.017563
2.136284 -56.869591
2.199116 0.000627
2.261947 56.870640
2.324779 92.017944
2.387611 92.017548
2.450443 56.869495
2.513275 -0.000762
2.576107 -56.870724
2.638939 -92.018005
2.701771 -92.017487
2.764602 -56.869411
2.827434 0.000882
2.890266 56.870838
2.953098 92.018044
3.015930 92.017441
3.078762 56.869297
3.141594 -0.001002
3.204426 -56.870937
3.267257 -92.018059
3.330089 -92.017426
3.392921 -56.869198
3.455753 0.001136
3.518585 56.871021
3.581417 92.018120
3.644249 92.017365
3.707081 56.869114
3.769912 -0.001256
3.832744 -56.871151
3.895576 -92.018135
3.958408 -92.016838
4.021240 -56.869392
4.084072 0.001149
4.146904 56.871052
4.209735 92.018120
4.272567 92.017365
4.335399 56.869083
4.398231 -0.001269
4.461063 -56.871151
4.523895 -92.018150
4.586727 -92.017319
4.649559 -56.868999
4.712390 0.001404
4.775222 56.871235
4.838054 92.018196
4.900886 92.017311
4.963718 56.868870
5.026550 -0.001509
5.089382 -56.871349
5.152214 -92.018242
5.215045 -92.017250
5.277877 -56.868786
5.340709 0.001644
5.403541 56.871449
5.466373 92.018257
5.529205 92.017235
5.592037 56.868690
5.654869 -0.001779
5.717700 -56.871529
5.780532 -92.018318
5.843364 -92.017189
5.906196 -56.868576
5.969028 0.001883
6.031860 56.871643
6.094692 92.018364
6.157524 92.017128
6.220356 56.868492
6.283187 -0.002063
